
[sms]
center=15511823090
sos=15511823090
[device]
meid=
imsi=1234567890
[gps]
lat=38.0422379
lon=114.4925141
vel=39.4
heading=156
time=2017-03-15,00:04:01
